  0.40000E-02 -0.00000E+00
  0.80000E-02 -0.00000E+00
  0.12000E-01 -0.00000E+00
  0.16000E-01 -0.00000E+00
  0.20000E-01 -0.00000E+00
  0.24000E-01 -0.00000E+00
  0.28000E-01 -0.00000E+00
  0.32000E-01 -0.00000E+00
  0.36000E-01 -0.00000E+00
  0.40000E-01 -0.00000E+00
  0.44000E-01 -0.00000E+00
  0.48000E-01 -0.00000E+00
  0.52000E-01 -0.00000E+00
  0.56000E-01 -0.00000E+00
  0.60000E-01 -0.00000E+00
  0.64000E-01 -0.00000E+00
  0.68000E-01 -0.00000E+00
  0.72000E-01 -0.00000E+00
  0.76000E-01 -0.00000E+00
  0.80000E-01 -0.00000E+00
  0.84000E-01 -0.00000E+00
  0.88000E-01 -0.00000E+00
  0.92000E-01 -0.00000E+00
  0.96000E-01 -0.00000E+00
  0.10000E+00 -0.00000E+00
  0.10400E+00 -0.00000E+00
  0.10800E+00 -0.00000E+00
  0.11200E+00 -0.00000E+00
  0.11600E+00 -0.00000E+00
  0.12000E+00 -0.00000E+00
  0.12400E+00 -0.00000E+00
  0.12800E+00 -0.00000E+00
  0.13200E+00 -0.00000E+00
  0.13600E+00 -0.00000E+00
  0.14000E+00 -0.00000E+00
  0.14400E+00 -0.00000E+00
  0.14800E+00 -0.00000E+00
  0.15200E+00 -0.00000E+00
  0.15600E+00 -0.00000E+00
  0.16000E+00 -0.00000E+00
  0.16400E+00 -0.00000E+00
  0.16800E+00 -0.00000E+00
  0.17200E+00 -0.00000E+00
  0.17600E+00 -0.00000E+00
  0.18000E+00 -0.00000E+00
  0.18400E+00 -0.00000E+00
  0.18800E+00 -0.00000E+00
  0.19200E+00 -0.00000E+00
  0.19600E+00 -0.00000E+00
  0.20000E+00 -0.00000E+00
  0.20400E+00 -0.00000E+00
  0.20800E+00 -0.00000E+00
  0.21200E+00 -0.00000E+00
  0.21600E+00 -0.00000E+00
  0.22000E+00 -0.00000E+00
  0.22400E+00 -0.00000E+00
  0.22800E+00 -0.00000E+00
  0.23200E+00 -0.00000E+00
  0.23600E+00 -0.00000E+00
  0.24000E+00 -0.00000E+00
  0.24400E+00 -0.00000E+00
  0.24800E+00 -0.00000E+00
  0.25200E+00 -0.00000E+00
  0.25600E+00 -0.00000E+00
  0.26000E+00 -0.00000E+00
  0.26400E+00 -0.00000E+00
  0.26800E+00 -0.00000E+00
  0.27200E+00 -0.00000E+00
  0.27600E+00 -0.00000E+00
  0.28000E+00 -0.00000E+00
  0.28400E+00 -0.00000E+00
  0.28800E+00 -0.00000E+00
  0.29200E+00 -0.00000E+00
  0.29600E+00 -0.00000E+00
  0.30000E+00 -0.00000E+00
  0.30400E+00 -0.00000E+00
  0.30800E+00 -0.00000E+00
  0.31200E+00 -0.00000E+00
  0.31600E+00 -0.00000E+00
  0.32000E+00 -0.00000E+00
  0.32400E+00 -0.00000E+00
  0.32800E+00 -0.00000E+00
  0.33200E+00 -0.00000E+00
  0.33600E+00 -0.00000E+00
  0.34000E+00 -0.00000E+00
  0.34400E+00 -0.00000E+00
  0.34800E+00 -0.00000E+00
  0.35200E+00 -0.00000E+00
  0.35600E+00 -0.00000E+00
  0.36000E+00 -0.00000E+00
  0.36400E+00 -0.00000E+00
  0.36800E+00 -0.00000E+00
  0.37200E+00 -0.00000E+00
  0.37600E+00 -0.00000E+00
  0.38000E+00 -0.00000E+00
  0.38400E+00 -0.00000E+00
  0.38800E+00 -0.00000E+00
  0.39200E+00 -0.00000E+00
  0.39600E+00 -0.00000E+00
  0.40000E+00 -0.00000E+00
  0.40400E+00 -0.00000E+00
  0.40800E+00 -0.00000E+00
  0.41200E+00 -0.00000E+00
  0.41600E+00 -0.00000E+00
  0.42000E+00 -0.00000E+00
  0.42400E+00 -0.00000E+00
  0.42800E+00 -0.00000E+00
  0.43200E+00 -0.00000E+00
  0.43600E+00 -0.00000E+00
  0.44000E+00 -0.00000E+00
  0.44400E+00 -0.00000E+00
  0.44800E+00 -0.00000E+00
  0.45200E+00 -0.00000E+00
  0.45600E+00 -0.00000E+00
  0.46000E+00 -0.00000E+00
  0.46400E+00 -0.00000E+00
  0.46800E+00 -0.00000E+00
  0.47200E+00 -0.00000E+00
  0.47600E+00 -0.00000E+00
  0.48000E+00 -0.00000E+00
  0.48400E+00 -0.00000E+00
  0.48800E+00 -0.00000E+00
  0.49200E+00 -0.00000E+00
  0.49600E+00 -0.00000E+00
  0.50000E+00 -0.00000E+00
  0.50400E+00 -0.00000E+00
  0.50800E+00 -0.00000E+00
  0.51200E+00 -0.00000E+00
  0.51600E+00 -0.00000E+00
  0.52000E+00 -0.00000E+00
  0.52400E+00 -0.00000E+00
  0.52800E+00 -0.00000E+00
  0.53200E+00 -0.00000E+00
  0.53600E+00 -0.00000E+00
  0.54000E+00 -0.00000E+00
  0.54400E+00 -0.00000E+00
  0.54800E+00 -0.00000E+00
  0.55200E+00 -0.00000E+00
  0.55600E+00 -0.00000E+00
  0.56000E+00 -0.00000E+00
  0.56400E+00 -0.00000E+00
  0.56800E+00 -0.00000E+00
  0.57200E+00 -0.00000E+00
  0.57600E+00 -0.00000E+00
  0.58000E+00 -0.00000E+00
  0.58400E+00 -0.00000E+00
  0.58800E+00 -0.00000E+00
  0.59200E+00 -0.00000E+00
  0.59600E+00 -0.00000E+00
  0.60000E+00 -0.00000E+00
  0.60400E+00 -0.00000E+00
  0.60800E+00 -0.00000E+00
  0.61200E+00 -0.00000E+00
  0.61600E+00 -0.00000E+00
  0.62000E+00 -0.00000E+00
  0.62400E+00 -0.00000E+00
  0.62800E+00 -0.00000E+00
  0.63200E+00 -0.00000E+00
  0.63600E+00 -0.00000E+00
  0.64000E+00 -0.00000E+00
  0.64400E+00 -0.00000E+00
  0.64800E+00 -0.00000E+00
  0.65200E+00 -0.00000E+00
  0.65600E+00 -0.00000E+00
  0.66000E+00 -0.00000E+00
  0.66400E+00 -0.00000E+00
  0.66800E+00 -0.00000E+00
  0.67200E+00 -0.00000E+00
  0.67600E+00 -0.00000E+00
  0.68000E+00 -0.00000E+00
  0.68400E+00 -0.00000E+00
  0.68800E+00 -0.00000E+00
  0.69200E+00 -0.00000E+00
  0.69600E+00 -0.00000E+00
  0.70000E+00 -0.00000E+00
  0.70400E+00 -0.00000E+00
  0.70800E+00 -0.00000E+00
  0.71200E+00 -0.00000E+00
  0.71600E+00 -0.00000E+00
  0.72000E+00 -0.00000E+00
  0.72400E+00 -0.00000E+00
  0.72800E+00 -0.00000E+00
  0.73200E+00 -0.00000E+00
  0.73600E+00 -0.00000E+00
  0.74000E+00 -0.00000E+00
  0.74400E+00 -0.00000E+00
  0.74800E+00 -0.00000E+00
  0.75200E+00 -0.00000E+00
  0.75600E+00 -0.00000E+00
  0.76000E+00 -0.00000E+00
  0.76400E+00 -0.00000E+00
  0.76800E+00 -0.00000E+00
  0.77200E+00 -0.00000E+00
  0.77600E+00 -0.00000E+00
  0.78000E+00 -0.00000E+00
  0.78400E+00 -0.00000E+00
  0.78800E+00 -0.00000E+00
  0.79200E+00 -0.00000E+00
  0.79600E+00 -0.00000E+00
  0.80000E+00 -0.00000E+00
  0.80400E+00 -0.00000E+00
  0.80800E+00 -0.00000E+00
  0.81200E+00 -0.00000E+00
  0.81600E+00 -0.00000E+00
  0.82000E+00 -0.00000E+00
  0.82400E+00 -0.00000E+00
  0.82800E+00 -0.00000E+00
  0.83200E+00 -0.00000E+00
  0.83600E+00 -0.00000E+00
  0.84000E+00 -0.00000E+00
  0.84400E+00 -0.00000E+00
  0.84800E+00 -0.00000E+00
  0.85200E+00 -0.00000E+00
  0.85600E+00 -0.00000E+00
  0.86000E+00 -0.00000E+00
  0.86400E+00 -0.00000E+00
  0.86800E+00 -0.00000E+00
  0.87200E+00 -0.00000E+00
  0.87600E+00 -0.00000E+00
  0.88000E+00 -0.00000E+00
  0.88400E+00 -0.00000E+00
  0.88800E+00 -0.00000E+00
  0.89200E+00 -0.00000E+00
  0.89600E+00 -0.00000E+00
  0.90000E+00 -0.00000E+00
  0.90400E+00 -0.00000E+00
  0.90800E+00 -0.00000E+00
  0.91200E+00 -0.00000E+00
  0.91600E+00 -0.00000E+00
  0.92000E+00 -0.00000E+00
  0.92400E+00 -0.00000E+00
  0.92800E+00 -0.00000E+00
  0.93200E+00 -0.00000E+00
  0.93600E+00 -0.00000E+00
  0.94000E+00 -0.00000E+00
  0.94400E+00 -0.00000E+00
  0.94800E+00 -0.00000E+00
  0.95200E+00 -0.00000E+00
  0.95600E+00 -0.00000E+00
  0.96000E+00 -0.00000E+00
  0.96400E+00 -0.00000E+00
  0.96800E+00 -0.00000E+00
  0.97200E+00 -0.00000E+00
  0.97600E+00 -0.00000E+00
  0.98000E+00 -0.00000E+00
  0.98400E+00 -0.00000E+00
  0.98800E+00 -0.00000E+00
  0.99200E+00 -0.00000E+00
  0.99600E+00 -0.00000E+00
  0.10000E+01 -0.00000E+00
  0.10040E+01  0.00000E+00
  0.10080E+01  0.00000E+00
  0.10120E+01  0.00000E+00
  0.10160E+01  0.00000E+00
  0.10200E+01  0.00000E+00
  0.10240E+01  0.00000E+00
  0.10280E+01  0.00000E+00
  0.10320E+01  0.00000E+00
  0.10360E+01  0.00000E+00
  0.10400E+01  0.00000E+00
  0.10440E+01  0.00000E+00
  0.10480E+01  0.00000E+00
  0.10520E+01  0.00000E+00
  0.10560E+01  0.00000E+00
  0.10600E+01  0.00000E+00
  0.10640E+01  0.00000E+00
  0.10680E+01  0.00000E+00
  0.10720E+01  0.00000E+00
  0.10760E+01  0.00000E+00
  0.10800E+01  0.00000E+00
  0.10840E+01  0.00000E+00
  0.10880E+01  0.00000E+00
  0.10920E+01  0.00000E+00
  0.10960E+01  0.00000E+00
  0.11000E+01  0.00000E+00
  0.11040E+01  0.00000E+00
  0.11080E+01  0.00000E+00
  0.11120E+01  0.00000E+00
  0.11160E+01  0.00000E+00
  0.11200E+01  0.00000E+00
  0.11240E+01  0.00000E+00
  0.11280E+01  0.00000E+00
  0.11320E+01  0.00000E+00
  0.11360E+01  0.00000E+00
  0.11400E+01  0.00000E+00
  0.11440E+01  0.00000E+00
  0.11480E+01  0.00000E+00
  0.11520E+01  0.00000E+00
  0.11560E+01  0.00000E+00
  0.11600E+01  0.00000E+00
  0.11640E+01  0.00000E+00
  0.11680E+01  0.00000E+00
  0.11720E+01  0.00000E+00
  0.11760E+01  0.00000E+00
  0.11800E+01  0.00000E+00
  0.11840E+01  0.00000E+00
  0.11880E+01  0.00000E+00
  0.11920E+01  0.00000E+00
  0.11960E+01  0.00000E+00
  0.12000E+01  0.00000E+00
  0.12040E+01  0.00000E+00
  0.12080E+01  0.00000E+00
  0.12120E+01  0.00000E+00
  0.12160E+01  0.00000E+00
  0.12200E+01  0.00000E+00
  0.12240E+01  0.00000E+00
  0.12280E+01  0.00000E+00
  0.12320E+01  0.00000E+00
  0.12360E+01  0.00000E+00
  0.12400E+01  0.00000E+00
  0.12440E+01  0.00000E+00
  0.12480E+01  0.00000E+00
  0.12520E+01  0.00000E+00
  0.12560E+01  0.00000E+00
  0.12600E+01  0.00000E+00
  0.12640E+01  0.00000E+00
  0.12680E+01  0.00000E+00
  0.12720E+01  0.00000E+00
  0.12760E+01  0.00000E+00
  0.12800E+01  0.00000E+00
  0.12840E+01  0.00000E+00
  0.12880E+01  0.00000E+00
  0.12920E+01  0.00000E+00
  0.12960E+01  0.00000E+00
  0.13000E+01  0.00000E+00
  0.13040E+01  0.00000E+00
  0.13080E+01  0.00000E+00
  0.13120E+01  0.00000E+00
  0.13160E+01  0.00000E+00
  0.13200E+01  0.00000E+00
  0.13240E+01  0.00000E+00
  0.13280E+01  0.00000E+00
  0.13320E+01  0.00000E+00
  0.13360E+01  0.00000E+00
  0.13400E+01  0.00000E+00
  0.13440E+01  0.00000E+00
  0.13480E+01  0.00000E+00
  0.13520E+01  0.00000E+00
  0.13560E+01  0.00000E+00
  0.13600E+01  0.00000E+00
  0.13640E+01  0.14013E-38
  0.13680E+01  0.56052E-38
  0.13720E+01  0.19618E-37
  0.13760E+01  0.67262E-37
  0.13800E+01  0.22981E-36
  0.13840E+01  0.77071E-36
  0.13880E+01  0.25644E-35
  0.13920E+01  0.84680E-35
  0.13960E+01  0.27737E-34
  0.14000E+01  0.90140E-34
  0.14040E+01  0.29062E-33
  0.14080E+01  0.92951E-33
  0.14120E+01  0.29494E-32
  0.14160E+01  0.92845E-32
  0.14200E+01  0.28995E-31
  0.14240E+01  0.89829E-31
  0.14280E+01  0.27609E-30
  0.14320E+01  0.84185E-30
  0.14360E+01  0.25465E-29
  0.14400E+01  0.76420E-29
  0.14440E+01  0.22751E-28
  0.14480E+01  0.67194E-28
  0.14520E+01  0.19688E-27
  0.14560E+01  0.57226E-27
  0.14600E+01  0.16502E-26
  0.14640E+01  0.47207E-26
  0.14680E+01  0.13397E-25
  0.14720E+01  0.37718E-25
  0.14760E+01  0.10535E-24
  0.14800E+01  0.29190E-24
  0.14840E+01  0.80236E-24
  0.14880E+01  0.21879E-23
  0.14920E+01  0.59189E-23
  0.14960E+01  0.15884E-22
  0.15000E+01  0.42289E-22
  0.15040E+01  0.11169E-21
  0.15080E+01  0.29264E-21
  0.15120E+01  0.76064E-21
  0.15160E+01  0.19613E-20
  0.15200E+01  0.50170E-20
  0.15240E+01  0.12731E-19
  0.15280E+01  0.32049E-19
  0.15320E+01  0.80036E-19
  0.15360E+01  0.19828E-18
  0.15400E+01  0.48730E-18
  0.15440E+01  0.11880E-17
  0.15480E+01  0.28734E-17
  0.15520E+01  0.68939E-17
  0.15560E+01  0.16408E-16
  0.15600E+01  0.38741E-16
  0.15640E+01  0.90741E-16
  0.15680E+01  0.21084E-15
  0.15720E+01  0.48596E-15
  0.15760E+01  0.11112E-14
  0.15800E+01  0.25203E-14
  0.15840E+01  0.56709E-14
  0.15880E+01  0.12658E-13
  0.15920E+01  0.28027E-13
  0.15960E+01  0.61559E-13
  0.16000E+01  0.13413E-12
  0.16040E+01  0.28990E-12
  0.16080E+01  0.62156E-12
  0.16120E+01  0.13220E-11
  0.16160E+01  0.27891E-11
  0.16200E+01  0.58371E-11
  0.16240E+01  0.12118E-10
  0.16280E+01  0.24955E-10
  0.16320E+01  0.50978E-10
  0.16360E+01  0.10330E-09
  0.16400E+01  0.20764E-09
  0.16440E+01  0.41400E-09
  0.16480E+01  0.81882E-09
  0.16520E+01  0.16064E-08
  0.16560E+01  0.31261E-08
  0.16600E+01  0.60345E-08
  0.16640E+01  0.11554E-07
  0.16680E+01  0.21945E-07
  0.16720E+01  0.41343E-07
  0.16760E+01  0.77256E-07
  0.16800E+01  0.14320E-06
  0.16840E+01  0.26327E-06
  0.16880E+01  0.48011E-06
  0.16920E+01  0.86842E-06
  0.16960E+01  0.15581E-05
  0.17000E+01  0.27726E-05
  0.17040E+01  0.48938E-05
  0.17080E+01  0.85675E-05
  0.17120E+01  0.14877E-04
  0.17160E+01  0.25621E-04
  0.17200E+01  0.43766E-04
  0.17240E+01  0.74147E-04
  0.17280E+01  0.12459E-03
  0.17320E+01  0.20764E-03
  0.17360E+01  0.34320E-03
  0.17400E+01  0.56260E-03
  0.17440E+01  0.91468E-03
  0.17480E+01  0.14748E-02
  0.17520E+01  0.23584E-02
  0.17560E+01  0.37400E-02
  0.17600E+01  0.58820E-02
  0.17640E+01  0.91740E-02
  0.17680E+01  0.14190E-01
  0.17720E+01  0.21764E-01
  0.17760E+01  0.33104E-01
  0.17800E+01  0.49931E-01
  0.17840E+01  0.74679E-01
  0.17880E+01  0.11076E+00
  0.17920E+01  0.16287E+00
  0.17960E+01  0.23750E+00
  0.18000E+01  0.34337E+00
  0.18040E+01  0.49223E+00
  0.18080E+01  0.69960E+00
  0.18120E+01  0.98582E+00
  0.18160E+01  0.13772E+01
  0.18200E+01  0.19074E+01
  0.18240E+01  0.26188E+01
  0.18280E+01  0.35642E+01
  0.18320E+01  0.48085E+01
  0.18360E+01  0.64302E+01
  0.18400E+01  0.85229E+01
  0.18440E+01  0.11196E+02
  0.18480E+01  0.14576E+02
  0.18520E+01  0.18805E+02
  0.18560E+01  0.24040E+02
  0.18600E+01  0.30451E+02
  0.18640E+01  0.38214E+02
  0.18680E+01  0.47509E+02
  0.18720E+01  0.58505E+02
  0.18760E+01  0.71357E+02
  0.18800E+01  0.86188E+02
  0.18840E+01  0.10308E+03
  0.18880E+01  0.12204E+03
  0.18920E+01  0.14302E+03
  0.18960E+01  0.16585E+03
  0.19000E+01  0.19029E+03
  0.19040E+01  0.21593E+03
  0.19080E+01  0.24226E+03
  0.19120E+01  0.26864E+03
  0.19160E+01  0.29426E+03
  0.19200E+01  0.31824E+03
  0.19240E+01  0.33958E+03
  0.19280E+01  0.35719E+03
  0.19320E+01  0.36997E+03
  0.19360E+01  0.37685E+03
  0.19400E+01  0.37679E+03
  0.19440E+01  0.36890E+03
  0.19480E+01  0.35246E+03
  0.19520E+01  0.32700E+03
  0.19560E+01  0.29231E+03
  0.19600E+01  0.24852E+03
  0.19640E+01  0.19610E+03
  0.19680E+01  0.13587E+03
  0.19720E+01  0.69021E+02
  0.19760E+01 -0.29716E+01
  0.19800E+01 -0.78343E+02
  0.19840E+01 -0.15512E+03
  0.19880E+01 -0.23122E+03
  0.19920E+01 -0.30448E+03
  0.19960E+01 -0.37283E+03
  0.20000E+01 -0.43431E+03
  0.20040E+01 -0.48721E+03
  0.20080E+01 -0.53010E+03
  0.20120E+01 -0.56194E+03
  0.20160E+01 -0.58208E+03
  0.20200E+01 -0.59030E+03
  0.20240E+01 -0.58678E+03
  0.20280E+01 -0.57213E+03
  0.20320E+01 -0.54730E+03
  0.20360E+01 -0.51354E+03
  0.20400E+01 -0.47234E+03
  0.20440E+01 -0.42532E+03
  0.20480E+01 -0.37420E+03
  0.20520E+01 -0.32068E+03
  0.20560E+01 -0.26638E+03
  0.20600E+01 -0.21282E+03
  0.20640E+01 -0.16130E+03
  0.20680E+01 -0.11292E+03
  0.20720E+01 -0.68563E+02
  0.20760E+01 -0.28841E+02
  0.20800E+01  0.58536E+01
  0.20840E+01  0.35351E+02
  0.20880E+01  0.59677E+02
  0.20920E+01  0.79021E+02
  0.20960E+01  0.93706E+02
  0.21000E+01  0.10415E+03
  0.21040E+01  0.11084E+03
  0.21080E+01  0.11428E+03
  0.21120E+01  0.11502E+03
  0.21160E+01  0.11355E+03
  0.21200E+01  0.11037E+03
  0.21240E+01  0.10589E+03
  0.21280E+01  0.10052E+03
  0.21320E+01  0.94578E+02
  0.21360E+01  0.88339E+02
  0.21400E+01  0.82024E+02
  0.21440E+01  0.75805E+02
  0.21480E+01  0.69809E+02
  0.21520E+01  0.64123E+02
  0.21560E+01  0.58806E+02
  0.21600E+01  0.53887E+02
  0.21640E+01  0.49376E+02
  0.21680E+01  0.45270E+02
  0.21720E+01  0.41551E+02
  0.21760E+01  0.38198E+02
  0.21800E+01  0.35183E+02
  0.21840E+01  0.32475E+02
  0.21880E+01  0.30047E+02
  0.21920E+01  0.27867E+02
  0.21960E+01  0.25909E+02
  0.22000E+01  0.24148E+02
  0.22040E+01  0.22560E+02
  0.22080E+01  0.21125E+02
  0.22120E+01  0.19824E+02
  0.22160E+01  0.18642E+02
  0.22200E+01  0.17564E+02
  0.22240E+01  0.16579E+02
  0.22280E+01  0.15675E+02
  0.22320E+01  0.14844E+02
  0.22360E+01  0.14078E+02
  0.22400E+01  0.13370E+02
  0.22440E+01  0.12713E+02
  0.22480E+01  0.12104E+02
  0.22520E+01    -Infinity
  0.22560E+01    -Infinity
  0.22600E+01    -Infinity
  0.22640E+01    -Infinity
  0.22680E+01    -Infinity
  0.22720E+01    -Infinity
  0.22760E+01    -Infinity
  0.22800E+01  0.84654E+01
  0.22840E+01  0.81257E+01
  0.22880E+01  0.78052E+01
  0.22920E+01  0.75024E+01
  0.22960E+01  0.72161E+01
  0.23000E+01  0.69450E+01
  0.23040E+01  0.66882E+01
  0.23080E+01  0.64446E+01
  0.23120E+01  0.62134E+01
  0.23160E+01  0.59936E+01
  0.23200E+01  0.57846E+01
  0.23240E+01  0.55858E+01
  0.23280E+01  0.53965E+01
  0.23320E+01  0.52160E+01
  0.23360E+01  0.50439E+01
  0.23400E+01  0.48796E+01
  0.23440E+01  0.47227E+01
  0.23480E+01  0.45728E+01
  0.23520E+01  0.44294E+01
  0.23560E+01  0.42922E+01
  0.23600E+01  0.41609E+01
  0.23640E+01  0.40351E+01
  0.23680E+01  0.39145E+01
  0.23720E+01  0.37989E+01
  0.23760E+01  0.36879E+01
  0.23800E+01  0.35814E+01
  0.23840E+01  0.34792E+01
  0.23880E+01  0.33809E+01
  0.23920E+01  0.32864E+01
  0.23960E+01  0.31955E+01
  0.24000E+01  0.31081E+01
  0.24040E+01  0.30240E+01
  0.24080E+01  0.29429E+01
  0.24120E+01  0.28648E+01
  0.24160E+01  0.27896E+01
  0.24200E+01  0.27170E+01
  0.24240E+01  0.26471E+01
  0.24280E+01  0.25795E+01
  0.24320E+01  0.25144E+01
  0.24360E+01  0.24514E+01
  0.24400E+01  0.23906E+01
  0.24440E+01  0.23319E+01
  0.24480E+01  0.22751E+01
  0.24520E+01  0.22202E+01
  0.24560E+01  0.21671E+01
  0.24600E+01  0.21158E+01
  0.24640E+01  0.20660E+01
  0.24680E+01  0.20179E+01
  0.24720E+01  0.19713E+01
  0.24760E+01  0.19261E+01
  0.24800E+01  0.18824E+01
  0.24840E+01  0.18400E+01
  0.24880E+01  0.17989E+01
  0.24920E+01  0.17590E+01
  0.24960E+01  0.17204E+01
  0.25000E+01  0.16828E+01
  0.25040E+01  0.16464E+01
  0.25080E+01  0.16111E+01
  0.25120E+01  0.15768E+01
  0.25160E+01  0.15434E+01
  0.25200E+01  0.15110E+01
  0.25240E+01  0.14796E+01
  0.25280E+01  0.14490E+01
  0.25320E+01  0.14193E+01
  0.25360E+01  0.13904E+01
  0.25400E+01  0.13623E+01
  0.25440E+01  0.13349E+01
  0.25480E+01  0.13083E+01
  0.25520E+01  0.12824E+01
  0.25560E+01  0.12572E+01
  0.25600E+01  0.12327E+01
  0.25640E+01  0.12088E+01
  0.25680E+01  0.11855E+01
  0.25720E+01  0.11629E+01
  0.25760E+01  0.11408E+01
  0.25800E+01  0.11193E+01
  0.25840E+01  0.10983E+01
  0.25880E+01  0.10779E+01
  0.25920E+01  0.10580E+01
  0.25960E+01  0.10385E+01
  0.26000E+01  0.10196E+01
  0.26040E+01  0.10011E+01
  0.26080E+01  0.98303E+00
  0.26120E+01  0.96542E+00
  0.26160E+01  0.94824E+00
  0.26200E+01  0.93147E+00
  0.26240E+01  0.91510E+00
  0.26280E+01  0.89911E+00
  0.26320E+01  0.88349E+00
  0.26360E+01  0.86824E+00
  0.26400E+01  0.85335E+00
  0.26440E+01  0.83879E+00
  0.26480E+01  0.82457E+00
  0.26520E+01  0.81067E+00
  0.26560E+01  0.79708E+00
  0.26600E+01  0.78380E+00
  0.26640E+01  0.77081E+00
  0.26680E+01  0.75812E+00
  0.26720E+01  0.74570E+00
  0.26760E+01  0.73355E+00
  0.26800E+01  0.72167E+00
  0.26840E+01  0.71006E+00
  0.26880E+01  0.69869E+00
  0.26920E+01  0.68756E+00
  0.26960E+01  0.67667E+00
  0.27000E+01  0.66601E+00
  0.27040E+01  0.65558E+00
  0.27080E+01  0.64532E+00
  0.27120E+01  0.63531E+00
  0.27160E+01  0.62555E+00
  0.27200E+01  0.61591E+00
  0.27240E+01  0.60653E+00
  0.27280E+01  0.59731E+00
  0.27320E+01  0.58828E+00
  0.27360E+01  0.57943E+00
  0.27400E+01  0.57076E+00
  0.27440E+01  0.56227E+00
  0.27480E+01  0.55394E+00
  0.27520E+01  0.54578E+00
  0.27560E+01  0.53778E+00
  0.27600E+01  0.52993E+00
  0.27640E+01  0.52224E+00
  0.27680E+01  0.51470E+00
  0.27720E+01  0.50730E+00
  0.27760E+01  0.50004E+00
  0.27800E+01  0.49292E+00
  0.27840E+01  0.48594E+00
  0.27880E+01  0.47908E+00
  0.27920E+01  0.47236E+00
  0.27960E+01  0.46576E+00
  0.28000E+01  0.45928E+00
  0.28040E+01  0.45293E+00
  0.28080E+01  0.44669E+00
  0.28120E+01  0.44056E+00
  0.28160E+01  0.43455E+00
  0.28200E+01  0.42863E+00
  0.28240E+01  0.42284E+00
  0.28280E+01  0.41715E+00
  0.28320E+01  0.41155E+00
  0.28360E+01  0.40606E+00
  0.28400E+01  0.40067E+00
  0.28440E+01  0.39536E+00
  0.28480E+01  0.39016E+00
  0.28520E+01  0.38504E+00
  0.28560E+01  0.38001E+00
  0.28600E+01  0.37507E+00
  0.28640E+01  0.37021E+00
  0.28680E+01  0.36544E+00
  0.28720E+01  0.36075E+00
  0.28760E+01  0.35614E+00
  0.28800E+01  0.35161E+00
  0.28840E+01  0.34715E+00
  0.28880E+01  0.34277E+00
  0.28920E+01  0.33846E+00
  0.28960E+01  0.33422E+00
  0.29000E+01  0.33006E+00
  0.29040E+01  0.32596E+00
  0.29080E+01  0.32194E+00
  0.29120E+01  0.31797E+00
  0.29160E+01  0.31407E+00
  0.29200E+01  0.31023E+00
  0.29240E+01  0.30645E+00
  0.29280E+01  0.30274E+00
  0.29320E+01  0.29909E+00
  0.29360E+01  0.29549E+00
  0.29400E+01  0.29195E+00
  0.29440E+01  0.28847E+00
  0.29480E+01  0.28504E+00
  0.29520E+01  0.28167E+00
  0.29560E+01  0.27835E+00
  0.29600E+01  0.27508E+00
  0.29640E+01  0.27186E+00
  0.29680E+01  0.26869E+00
  0.29720E+01  0.26557E+00
  0.29760E+01  0.26250E+00
  0.29800E+01  0.25947E+00
  0.29840E+01  0.25649E+00
  0.29880E+01  0.25356E+00
  0.29920E+01  0.25067E+00
  0.29960E+01  0.24782E+00
  0.30000E+01  0.24502E+00
