 1.0  0.0  0.0  1.0   0.000007
 2.0  0.0  0.0  2.0  -0.000004
 3.0  0.0  0.0  3.0   0.000027
 4.0  0.0  0.0  4.0   0.000011
 5.0  0.0  0.0  5.0   0.000034
 6.0  0.0  0.0  6.0   0.000033
 7.0  0.0  0.0  7.0   0.000024
 8.0  0.0  0.0  8.0  -0.000005
 9.0  0.0  0.0  9.0  -0.000035
10.0  0.0  0.0 10.0   0.000027
11.0  0.0  0.0 11.0  -0.000195
12.0  0.0  0.0 12.0  -0.000385
13.0  0.0  0.0 13.0  -0.000191
14.0  0.0  0.0 14.0  -0.000010
15.0  0.0  0.0 15.0  -0.000200
16.0  0.0  0.0 16.0   0.000005
16.0  1.0  1.0 16.0  -0.000166
16.0  2.0  2.0 16.0  -0.000014
16.0  3.0  3.0 16.0  -0.000168
16.0  4.0  4.0 16.0  -0.000022
16.0  5.0  5.0 16.0  -0.000150
16.0  6.0  6.0 16.0  -0.000368
16.0  7.0  7.0 16.0  -0.000176
16.0  8.0  8.0 16.0   0.000008
16.0  9.0  9.0 16.0  -0.000020
16.0 10.0 10.0 16.0   0.000004
16.0 11.0 11.0 16.0   0.000010
16.0 12.0 12.0 16.0   0.000005
16.0 13.0 13.0 16.0   0.000002
16.0 14.0 14.0 16.0   0.000004
16.0 15.0 15.0 16.0   0.000003
