15.0  0.0 16.0  1.0   0.000000
14.0  0.0 16.0  2.0  -0.000021
13.0  0.0 16.0  3.0   0.000012
12.0  0.0 16.0  4.0   0.000014
11.0  0.0 16.0  5.0  -0.000025
10.0  0.0 16.0  6.0  -0.000011
 9.0  0.0 16.0  7.0   0.000008
 8.0  0.0 16.0  8.0   0.000022
 7.0  0.0 16.0  9.0   0.000016
 6.0  0.0 16.0 10.0  -0.000017
 5.0  0.0 16.0 11.0   0.000031
 4.0  0.0 16.0 12.0   0.000017
 3.0  0.0 16.0 13.0  -0.000002
 2.0  0.0 16.0 14.0  -0.000011
 1.0  0.0 16.0 15.0  -0.000391
 0.0  0.0 16.0 16.0  -0.001316
 0.0  1.0 15.0 16.0  -0.000382
 0.0  2.0 14.0 16.0  -0.000025
 0.0  3.0 13.0 16.0  -0.000015
 0.0  4.0 12.0 16.0   0.000006
 0.0  5.0 11.0 16.0   0.000008
 0.0  6.0 10.0 16.0  -0.000004
 0.0  7.0  9.0 16.0  -0.000010
 0.0  8.0  8.0 16.0   0.000011
 0.0  9.0  7.0 16.0   0.000007
 0.0 10.0  6.0 16.0  -0.000037
 0.0 11.0  5.0 16.0  -0.000009
 0.0 12.0  4.0 16.0  -0.000008
 0.0 13.0  3.0 16.0   0.000010
 0.0 14.0  2.0 16.0   0.000023
 0.0 15.0  1.0 16.0  -0.000004
